UCX

----------------------------------------------------------------------------------------------------------------------------------------------------------------

Block Size (B)      Batch Size     B/W (GB/Sec)   Avg Lat. (us)  Avg Prep (us)  P99 Prep (us)  Avg Post (us)  P99 Post (us)  Avg Tx (us)    P99 Tx (us)
----------------------------------------------------------------------------------------------------------------------------------------------------------------
4096                1              0.697781       5.9            116.0          116.0          1.1            2.0            4.6            5.0
8192                1              1.326086       6.2            17.0           17.0           1.1            2.0            5.1            6.0
16384               1              2.352574       7.0            18.0           18.0           1.1            2.0            5.9            6.0
32768               1              3.969969       8.3            17.0           17.0           1.1            2.0            7.2            8.0
65536               1              6.021904       10.9           19.0           19.0           1.1            2.0            9.8            10.0
131072              1              7.553200       17.4           18.0           18.0           1.8            3.0            15.5           18.0
262144              1              9.204443       28.5           92.0           92.0           2.0            17.0           26.3           43.0
524288              1              10.942795      47.9           19.0           19.0           1.1            2.0            46.7           48.0
1048576             1              11.576450      90.6           55.0           55.0           1.3            3.0            89.2           91.0
2097152             1              11.949044      175.5          19.0           19.0           1.3            5.0            173.9          176.0
4194304             1              12.042710      348.3          18.0           18.0           1.1            4.0            346.8          348.0
8388608             1              12.144552      690.7          18.0           18.0           1.7            5.0            688.7          691.0
16777216            1              12.131867      1382.9         51.0           51.0           1.6            18.0           1380.4         1383.0
33554432            1              12.152790      2761.0         52.0           52.0           1.8            18.0           2758.3         2763.0
67108864            1              12.165624      5516.3         50.0           50.0           1.7            18.0           5513.6         5520.0
134217728           1              12.172226      11026.6        55.0           55.0           1.8            18.0           11023.7        11038.0
268435456           1              12.176696      22045.0        60.0           60.0           1.9            20.0           22042.0        22049.0
536870912           1              12.174058      44099.6        55.0           55.0           1.7            10.0           44096.7        44199.0
1073741824          1              11.540029      93045.0        53.0           53.0           1.8            11.0           93042.0        93486.0
2147483648          1              11.540960      186075.0       81.0           81.0           1.8            21.0           186071.5       186305.0
4294967296          1              11.855231      362284.6       74.0           74.0           2.8            21.0           362280.3       362404.0
----------------------------------------------------------------------------------------------------------------------------------------------------------------

----------------------------------------------------------------------------------------------------------------------------------------------------------------

Block Size (B)      Batch Size     B/W (GB/Sec)   Avg Lat. (us)  Avg Prep (us)  P99 Prep (us)  Avg Post (us)  P99 Post (us)  Avg Tx (us)    P99 Tx (us)
----------------------------------------------------------------------------------------------------------------------------------------------------------------
4096                500            9.946106       0.4            214.0          214.0          119.1          137.0          86.6           95.0
8192                500            11.610252      0.7            155.0          155.0          115.1          130.0          237.5          246.0
16384               500            12.132017      1.4            145.0          145.0          112.8          128.0          562.3          572.0
32768               500            12.217938      2.7            156.0          156.0          111.5          128.0          1229.3         1239.0
65536               500            12.261661      5.3            160.0          160.0          109.0          125.0          2563.2         2573.0
131072              500            12.279229      10.7           173.0          173.0          107.0          121.0          5230.0         5240.0
262144              500            12.293878      21.3           172.0          172.0          105.5          119.0          10555.8        10568.0
524288              500            12.299230      42.6           200.0          200.0          105.4          119.0          21208.2        21223.0
1048576             500            12.271113      85.5           222.0          222.0          106.3          121.0          42618.9        42640.0
2097152             500            12.215803      171.7          169.0          169.0          106.7          148.0          85727.9        85892.0
4194304             500            12.098398      346.7          168.0          168.0          114.6          160.0          173223.6       173326.0
8388608             500            12.202708      687.4          189.0          189.0          113.1          145.0          343602.5       343698.0
16777216            500            11.912898      1408.3         191.0          191.0          115.5          150.0          704042.7       704459.0

Block Size (B)      Batch Size     B/W (GB/Sec)   Avg Lat. (us)  Avg Prep (us)  P99 Prep (us)  Avg Post (us)  P99 Post (us)  Avg Tx (us)    P99 Tx (us)
----------------------------------------------------------------------------------------------------------------------------------------------------------------
4096                1000           9.829862       0.4            305.0          305.0          280.9          320.0          135.4          158.0
8192                1000           11.496583      0.7            271.0          271.0          272.3          306.0          439.9          465.0
16384               1000           11.742807      1.4            268.0          268.0          261.6          299.0          1133.3         2463.0
32768               1000           9.863272       3.3            306.0          306.0          255.9          295.0          3066.1         5287.0
65536               1000           12.269628      5.3            262.0          262.0          251.4          285.0          5089.6         5109.0
131072              1000           12.286662      10.7           299.0          299.0          255.8          322.0          10411.7        10439.0
262144              1000           12.296653      21.3           300.0          300.0          254.3          322.0          21063.7        21093.0
524288              1000           12.300122      42.6           326.0          326.0          254.1          325.0          42370.2        42421.0
1048576             1000           11.748636      89.3           354.0          354.0          254.7          326.0          88995.7        89343.0
2097152             1000           11.391700      184.1          305.0          305.0          212.6          241.0          183876.9       184087.0
4194304             1000           11.828366      354.6          293.0          293.0          222.4          297.0          354369.5       354647.0
8388608             1000           11.973562      700.6          313.0          313.0          251.5          267.0          700337.3       700726.0

----------------------------------------------------------------------------------------------------------------------------------------------------------------

Block Size (B)      Batch Size     B/W (GB/Sec)   Avg Lat. (us)  Avg Prep (us)  P99 Prep (us)  Avg Post (us)  P99 Post (us)  Avg Tx (us)    P99 Tx (us)
----------------------------------------------------------------------------------------------------------------------------------------------------------------
4096                10000          8.365013       0.5            2010.0         2010.0         1403.8         1615.0         3490.7         3510.0
8192                10000          10.818494      0.8            1890.0         1890.0         1323.7         1410.0         6246.6         6259.0
16384               10000          12.010568      1.4            1957.0         1957.0         1249.2         1562.0         12390.2        12431.0
32768               10000          12.133940      2.7            1934.0         1934.0         1160.6         1438.0         25842.7        25885.0
65536               10000          12.134761      5.4            2450.0         2450.0         1116.6         1379.0         52887.8        53019.0
131072              10000          11.058180      11.9           2064.0         2064.0         1099.6         1347.0         117427.8       117656.0
262144              10000          11.016866      23.8           2017.0         2017.0         1097.4         1347.0         236848.4       255820.0
524288              10000          11.527782      45.5           2483.0         2483.0         1130.5         1890.0         453670.9       562845.0

UCCL

----------------------------------------------------------------------------------------------------------------------------------------------------------------

Block Size (B)      Batch Size     B/W (GB/Sec)   Avg Lat. (us)  Avg Prep (us)  P99 Prep (us)  Avg Post (us)  P99 Post (us)  Avg Tx (us)    P99 Tx (us)
----------------------------------------------------------------------------------------------------------------------------------------------------------------
4096                1              0.272958       15.0           100.0          100.0          2.8            4.0            12.1           17.0
8192                1              0.557603       14.7           103.0          103.0          2.6            3.0            12.0           15.0
16384               1              0.915267       17.9           100.0          100.0          3.3            4.0            14.4           17.0
32768               1              1.702058       19.3           96.0           96.0           3.4            4.0            15.8           18.0
65536               1              2.890915       22.7           96.0           96.0           3.8            5.0            18.8           22.0
131072              1              4.694116       27.9           99.0           99.0           3.7            6.0            24.2           29.0
262144              1              6.949874       37.7           100.0          100.0          3.3            4.0            34.3           38.0
524288              1              8.765380       59.8           103.0          103.0          3.7            5.0            56.0           61.0
1048576             1              10.400124      100.8          186.0          186.0          3.7            5.0            97.0           102.0
2097152             1              11.313630      185.4          95.0           95.0           3.8            6.0            179.9          184.0
4194304             1              11.877074      353.1          105.0          105.0          4.2            8.0            347.2          351.0
8388608             1              12.250969      684.7          98.0           98.0           3.5            7.0            679.6          684.0
16777216            1              12.422163      1350.6         104.0          104.0          3.8            8.0            1345.0         1353.0
33554432            1              12.519791      2680.1         112.0          112.0          3.7            8.0            2674.6         2679.0
67108864            1              12.566493      5340.3         98.0           98.0           3.2            6.0            5335.4         5341.0
134217728           1              12.588026      10662.3        163.0          163.0          2.6            13.0           10657.0        10665.0
268435456           1              12.599242      21305.7        106.0          106.0          2.7            5.0            21301.2        21309.0
536870912           1              12.604135      42594.8        133.0          133.0          2.7            7.0            42589.9        42600.0
1073741824          1              12.606589      85173.1        110.0          110.0          3.1            5.0            85168.1        85181.0
2147483648          1              12.606245      170350.8       321.0          321.0          10.3           23.0           170335.0       170360.0
4294967296          1              12.607241      340674.7       224.0          224.0          4.7            14.0           340666.0       340682.0
----------------------------------------------------------------------------------------------------------------------------------------------------------------
----------------------------------------------------------------------------------------------------------------------------------------------------------------

Block Size (B)      Batch Size     B/W (GB/Sec)   Avg Lat. (us)  Avg Prep (us)  P99 Prep (us)  Avg Post (us)  P99 Post (us)  Avg Tx (us)    P99 Tx (us)
----------------------------------------------------------------------------------------------------------------------------------------------------------------
4096                500            3.733597       1.1            719.0          719.0          84.2           106.0          463.6          484.0
8192                500            5.763997       1.4            614.0          614.0          93.1           134.0          616.9          633.0
16384               500            9.512611       1.7            516.0          516.0          82.6           98.0           778.1          803.0
32768               500            11.365242      2.9            455.0          455.0          83.3           105.0          1357.8         1388.0
65536               500            11.966394      5.5            381.0          381.0          84.4           107.0          2653.6         2678.0
131072              500            12.212034      10.7           436.0          436.0          82.8           103.0          5283.2         5315.0
262144              500            12.404725      21.1           594.0          594.0          81.9           103.0          10483.8        10518.0
524288              500            12.537376      41.8           640.0          640.0          82.0           103.0          20826.3        20847.0
1048576             500            12.577851      83.4           690.0          690.0          81.7           103.0          41601.0        41610.0
2097152             500            12.591035      166.6          543.0          543.0          82.3           111.0          83188.3        83200.0
4194304             500            12.589149      333.2          539.0          539.0          85.1           110.0          166490.2       166524.0
8388608             500            12.588134      666.4          620.0          620.0          83.6           114.0          333101.3       333161.0
16777216            500            12.589982      1332.6         671.0          671.0          84.7           101.0          666196.6       666285.0

Block Size (B)      Batch Size     B/W (GB/Sec)   Avg Lat. (us)  Avg Prep (us)  P99 Prep (us)  Avg Post (us)  P99 Post (us)  Avg Tx (us)    P99 Tx (us)
----------------------------------------------------------------------------------------------------------------------------------------------------------------
4096                1000           3.794081       1.1            746.0          746.0          155.9          193.0          922.9          955.0
8192                1000           5.876903       1.4            815.0          815.0          156.5          192.0          1236.6         1275.0
16384               1000           9.574621       1.7            683.0          683.0          157.1          193.0          1553.4         1601.0
32768               1000           11.496243      2.9            801.0          801.0          155.1          189.0          2694.5         2738.0
65536               1000           12.050762      5.4            740.0          740.0          155.3          193.0          5282.3         5316.0
131072              1000           12.241235      10.7           850.0          850.0          155.7          192.0          10550.8        10598.0
262144              1000           12.419063      21.1           942.0          942.0          155.1          195.0          20952.1        20997.0
524288              1000           12.539642      41.8           1077.0         1077.0         162.2          202.0          41647.2        41674.0
1048576             1000           12.578720      83.4           1125.0         1125.0         162.6          203.0          83197.3        83217.0
2097152             1000           12.591267      166.6          1614.0         1614.0         163.7          219.0          166366.1       166400.0
4194304             1000           12.597435      332.9          975.0          975.0          163.5          219.0          332769.7       332792.0
8388608             1000           12.600006      665.8          913.0          913.0          164.3          205.0          665582.9       665640.0
----------------------------------------------------------------------------------------------------------------------------------------------------------------

Block Size (B)      Batch Size     B/W (GB/Sec)   Avg Lat. (us)  Avg Prep (us)  P99 Prep (us)  Avg Post (us)  P99 Post (us)  Avg Tx (us)    P99 Tx (us)
----------------------------------------------------------------------------------------------------------------------------------------------------------------
4096                10000          3.845730       1.1            8945.0         8945.0         1478.3         1756.0         9163.6         9419.0
8192                10000          5.986236       1.4            6265.0         6265.0         1470.2         1748.0         12208.3        12398.0
16384               10000          9.708280       1.7            6354.0         6354.0         1464.1         1742.0         15405.9        15724.0
32768               10000          11.539513      2.8            7309.0         7309.0         1467.0         1742.0         26922.1        27186.0
65536               10000          12.078135      5.4            6377.0         6377.0         1468.7         1756.0         52785.0        52896.0
131072              10000          12.238105      10.7           7570.0         7570.0         1480.3         1754.0         105613.7       105783.0
262144              10000          12.368927      21.2           6904.0         6904.0         1480.6         1882.0         210450.1       210678.0
524288              10000          12.526477      41.9           7518.0         7518.0         1391.9         1695.0         417144.4       417266.0



Block Size (B)      Batch Size     B/W (GB/Sec)   Avg Lat. (us) Avg Post (us)  P99 Post (us)  Avg Tx (us)     P99 Tx (us)
----------------------------------------------------------------------------------------------------------------------------------------------------------------
UCX
131072              10000          11.058180      11.9           1099.6         1347.0         117427.8       117656.0
262144              10000          11.016866      23.8           1097.4         1347.0         236848.4       255820.0
524288              10000          11.527782      45.5           1130.5         1890.0         453670.9       562845.0
UCCL
131072              10000          12.238105      10.7           1480.3         1754.0         105613.7       105783.0
262144              10000          12.368927      21.2           1480.6         1882.0         210450.1       210678.0
524288              10000          12.526477      41.9           1391.9         1695.0         417144.4       417266.0


Block Size (B)      Batch Size     B/W (GB/Sec)   Avg Lat. (us) Avg Post (us)  P99 Post (us)  Avg Tx (us)     P99 Tx (us)
----------------------------------------------------------------------------------------------------------------------------------------------------------------
UCX
134217728           1              12.172226      11026.6        55.0           55.0           1.8            18.0           11023.7        11038.0
268435456           1              12.176696      22045.0        60.0           60.0           1.9            20.0           22042.0        22049.0
536870912           1              12.174058      44099.6        55.0           55.0           1.7            10.0           44096.7        44199.0
1073741824          1              11.540029      93045.0        53.0           53.0           1.8            11.0           93042.0        93486.0
2147483648          1              11.540960      186075.0       81.0           81.0           1.8            21.0           186071.5       186305.0
4294967296          1              11.855231      362284.6       74.0           74.0           2.8            21.0           362280.3       362404.0
UCCL
134217728           1              12.588026      10662.3        163.0          163.0          2.6            13.0           10657.0        10665.0
268435456           1              12.599242      21305.7        106.0          106.0          2.7            5.0            21301.2        21309.0
536870912           1              12.604135      42594.8        133.0          133.0          2.7            7.0            42589.9        42600.0
1073741824          1              12.606589      85173.1        110.0          110.0          3.1            5.0            85168.1        85181.0
2147483648          1              12.606245      170350.8       321.0          321.0          10.3           23.0           170335.0       170360.0
4294967296          1              12.607241      340674.7       224.0          224.0          4.7            14.0           340666.0       340682.0
----------------------------------------------------------------------------------------------------------------------------------------------------------------